   0.0000000000000000        1.3752341101377366E-005
   1.2500000000000000        1.1798238462586458E-005
   2.5000000000000000        1.1116994176358969E-005
   3.7500000000000000        1.0954213692185385E-005
   5.0000000000000000        1.0999313160441092E-005
   6.2500000000000000        1.0895306851425591E-005
   7.5000000000000000        1.0756021442858628E-005
   8.7500000000000000        1.0655157795278436E-005
   10.000000000000000        1.0751314494885564E-005
   11.250000000000000        1.0899786795081778E-005
   12.500000000000000        1.1062637272747844E-005
   13.750000000000000        1.1378953801331461E-005
   15.000000000000000        1.1857278045282485E-005
   16.250000000000000        1.2151436706372922E-005
   17.500000000000000        1.2351349673487052E-005
   18.750000000000000        1.2538801155394764E-005
   20.000000000000000        1.2778411695449013E-005
   21.250000000000000        1.3061315317808631E-005
   22.500000000000000        1.3343763037713361E-005
   23.750000000000000        1.3758035343167706E-005
   25.000000000000000        1.4319308865808045E-005
   26.250000000000000        1.4646794493873880E-005
   27.500000000000000        1.4844694366901997E-005
   28.750000000000000        1.5102535406603542E-005
   30.000000000000000        1.5395182752496744E-005
   31.250000000000000        1.5697383649477627E-005
   32.500000000000000        1.6051029677472705E-005
   33.750000000000000        1.6428563387248694E-005
   35.000000000000000        1.6905185802171166E-005
   36.250000000000000        1.7255531068775148E-005
   37.500000000000000        1.7491132664359559E-005
   38.750000000000000        1.7770788821733340E-005
   40.000000000000000        1.8082399646593671E-005
   41.250000000000000        1.8357785528322724E-005
   42.500000000000000        1.8683123645770157E-005
   43.750000000000000        1.9053321109506103E-005
   45.000000000000000        1.9508261220297445E-005
   46.250000000000000        1.9879755913023498E-005
   47.500000000000000        2.0104556987082432E-005
   48.750000000000000        2.0342550837540660E-005
