           t           x           y          x'          y'
  0.000e+000  0.000e+000  0.000e+000  1.273e+002  1.273e+002
  2.000e-001  2.546e+001  2.526e+001  1.273e+002  1.253e+002
  4.000e-001  5.091e+001  5.013e+001  1.273e+002  1.234e+002
  6.000e-001  7.637e+001  7.460e+001  1.273e+002  1.214e+002
  8.000e-001  1.018e+002  9.868e+001  1.273e+002  1.194e+002
  1.000e+000  1.273e+002  1.224e+002  1.273e+002  1.175e+002
  1.200e+000  1.527e+002  1.457e+002  1.273e+002  1.155e+002
  1.400e+000  1.782e+002  1.686e+002  1.273e+002  1.135e+002
  1.600e+000  2.036e+002  1.911e+002  1.273e+002  1.116e+002
  1.800e+000  2.291e+002  2.132e+002  1.273e+002  1.096e+002
  2.000e+000  2.546e+002  2.349e+002  1.273e+002  1.077e+002
  2.200e+000  2.800e+002  2.563e+002  1.273e+002  1.057e+002
  2.400e+000  3.055e+002  2.772e+002  1.273e+002  1.037e+002
  2.600e+000  3.309e+002  2.978e+002  1.273e+002  1.018e+002
  2.800e+000  3.564e+002  3.179e+002  1.273e+002  9.981e+001
  3.000e+000  3.818e+002  3.377e+002  1.273e+002  9.785e+001
  3.200e+000  4.073e+002  3.571e+002  1.273e+002  9.589e+001
  3.400e+000  4.327e+002  3.760e+002  1.273e+002  9.393e+001
  3.600e+000  4.582e+002  3.946e+002  1.273e+002  9.196e+001
  3.800e+000  4.837e+002  4.128e+002  1.273e+002  9.000e+001
  4.000e+000  5.091e+002  4.306e+002  1.273e+002  8.804e+001
  4.200e+000  5.346e+002  4.480e+002  1.273e+002  8.608e+001
  4.400e+000  5.600e+002  4.651e+002  1.273e+002  8.412e+001
  4.600e+000  5.855e+002  4.817e+002  1.273e+002  8.215e+001
  4.800e+000  6.109e+002  4.979e+002  1.273e+002  8.019e+001
  5.000e+000  6.364e+002  5.138e+002  1.273e+002  7.823e+001
  5.200e+000  6.619e+002  5.292e+002  1.273e+002  7.627e+001
  5.400e+000  6.873e+002  5.443e+002  1.273e+002  7.431e+001
  5.600e+000  7.128e+002  5.589e+002  1.273e+002  7.234e+001
  5.800e+000  7.382e+002  5.732e+002  1.273e+002  7.038e+001
  6.000e+000  7.637e+002  5.871e+002  1.273e+002  6.842e+001
  6.200e+000  7.891e+002  6.006e+002  1.273e+002  6.646e+001
  6.400e+000  8.146e+002  6.137e+002  1.273e+002  6.450e+001
  6.600e+000  8.400e+002  6.264e+002  1.273e+002  6.253e+001
  6.800e+000  8.655e+002  6.387e+002  1.273e+002  6.057e+001
  7.000e+000  8.910e+002  6.506e+002  1.273e+002  5.861e+001
  7.200e+000  9.164e+002  6.621e+002  1.273e+002  5.665e+001
  7.400e+000  9.419e+002  6.733e+002  1.273e+002  5.469e+001
  7.600e+000  9.673e+002  6.840e+002  1.273e+002  5.272e+001
  7.800e+000  9.928e+002  6.944e+002  1.273e+002  5.076e+001
  8.000e+000  1.018e+003  7.043e+002  1.273e+002  4.880e+001
  8.200e+000  1.044e+003  7.139e+002  1.273e+002  4.684e+001
  8.400e+000  1.069e+003  7.230e+002  1.273e+002  4.488e+001
  8.600e+000  1.095e+003  7.318e+002  1.273e+002  4.291e+001
  8.800e+000  1.120e+003  7.402e+002  1.273e+002  4.095e+001
  9.000e+000  1.146e+003  7.482e+002  1.273e+002  3.899e+001
  9.200e+000  1.171e+003  7.558e+002  1.273e+002  3.703e+001
  9.400e+000  1.196e+003  7.630e+002  1.273e+002  3.507e+001
  9.600e+000  1.222e+003  7.698e+002  1.273e+002  3.310e+001
  9.800e+000  1.247e+003  7.763e+002  1.273e+002  3.114e+001
  1.000e+001  1.273e+003  7.823e+002  1.273e+002  2.918e+001
  1.020e+001  1.298e+003  7.879e+002  1.273e+002  2.722e+001
  1.040e+001  1.324e+003  7.932e+002  1.273e+002  2.526e+001
  1.060e+001  1.349e+003  7.980e+002  1.273e+002  2.329e+001
  1.080e+001  1.375e+003  8.025e+002  1.273e+002  2.133e+001
  1.100e+001  1.400e+003  8.066e+002  1.273e+002  1.937e+001
  1.120e+001  1.426e+003  8.102e+002  1.273e+002  1.741e+001
  1.140e+001  1.451e+003  8.135e+002  1.273e+002  1.545e+001
  1.160e+001  1.476e+003  8.164e+002  1.273e+002  1.348e+001
  1.180e+001  1.502e+003  8.189e+002  1.273e+002  1.152e+001
  1.200e+001  1.527e+003  8.210e+002  1.273e+002  9.559e+000
  1.220e+001  1.553e+003  8.227e+002  1.273e+002  7.597e+000
  1.240e+001  1.578e+003  8.241e+002  1.273e+002  5.635e+000
  1.260e+001  1.604e+003  8.250e+002  1.273e+002  3.673e+000
  1.280e+001  1.629e+003  8.255e+002  1.273e+002  1.711e+000
  1.300e+001  1.655e+003  8.257e+002  1.273e+002 -2.508e-001
  1.320e+001  1.680e+003  8.254e+002  1.273e+002 -2.213e+000
  1.340e+001  1.706e+003  8.248e+002  1.273e+002 -4.175e+000
  1.360e+001  1.731e+003  8.238e+002  1.273e+002 -6.137e+000
  1.380e+001  1.756e+003  8.223e+002  1.273e+002 -8.099e+000
  1.400e+001  1.782e+003  8.205e+002  1.273e+002 -1.006e+001
  1.420e+001  1.807e+003  8.183e+002  1.273e+002 -1.202e+001
  1.440e+001  1.833e+003  8.157e+002  1.273e+002 -1.398e+001
  1.460e+001  1.858e+003  8.127e+002  1.273e+002 -1.595e+001
  1.480e+001  1.884e+003  8.093e+002  1.273e+002 -1.791e+001
  1.500e+001  1.909e+003  8.056e+002  1.273e+002 -1.987e+001
  1.520e+001  1.935e+003  8.014e+002  1.273e+002 -2.183e+001
  1.540e+001  1.960e+003  7.968e+002  1.273e+002 -2.379e+001
  1.560e+001  1.986e+003  7.919e+002  1.273e+002 -2.576e+001
  1.580e+001  2.011e+003  7.865e+002  1.273e+002 -2.772e+001
  1.600e+001  2.036e+003  7.808e+002  1.273e+002 -2.968e+001
  1.620e+001  2.062e+003  7.747e+002  1.273e+002 -3.164e+001
  1.640e+001  2.087e+003  7.681e+002  1.273e+002 -3.360e+001
  1.660e+001  2.113e+003  7.612e+002  1.273e+002 -3.557e+001
  1.680e+001  2.138e+003  7.539e+002  1.273e+002 -3.753e+001
  1.700e+001  2.164e+003  7.462e+002  1.273e+002 -3.949e+001
  1.720e+001  2.189e+003  7.381e+002  1.273e+002 -4.145e+001
  1.740e+001  2.215e+003  7.296e+002  1.273e+002 -4.341e+001
  1.760e+001  2.240e+003  7.207e+002  1.273e+002 -4.538e+001
  1.780e+001  2.266e+003  7.115e+002  1.273e+002 -4.734e+001
  1.800e+001  2.291e+003  7.018e+002  1.273e+002 -4.930e+001
  1.820e+001  2.316e+003  6.917e+002  1.273e+002 -5.126e+001
  1.840e+001  2.342e+003  6.813e+002  1.273e+002 -5.322e+001
  1.860e+001  2.367e+003  6.705e+002  1.273e+002 -5.519e+001
  1.880e+001  2.393e+003  6.592e+002  1.273e+002 -5.715e+001
  1.900e+001  2.418e+003  6.476e+002  1.273e+002 -5.911e+001
  1.920e+001  2.444e+003  6.356e+002  1.273e+002 -6.107e+001
  1.940e+001  2.469e+003  6.232e+002  1.273e+002 -6.303e+001
  1.960e+001  2.495e+003  6.104e+002  1.273e+002 -6.500e+001
  1.980e+001  2.520e+003  5.972e+002  1.273e+002 -6.696e+001
  2.000e+001  2.546e+003  5.836e+002  1.273e+002 -6.892e+001
  2.020e+001  2.571e+003  5.696e+002  1.273e+002 -7.088e+001
  2.040e+001  2.596e+003  5.552e+002  1.273e+002 -7.284e+001
  2.060e+001  2.622e+003  5.405e+002  1.273e+002 -7.481e+001
  2.080e+001  2.647e+003  5.253e+002  1.273e+002 -7.677e+001
  2.100e+001  2.673e+003  5.098e+002  1.273e+002 -7.873e+001
  2.120e+001  2.698e+003  4.938e+002  1.273e+002 -8.069e+001
  2.140e+001  2.724e+003  4.775e+002  1.273e+002 -8.265e+001
  2.160e+001  2.749e+003  4.608e+002  1.273e+002 -8.462e+001
  2.180e+001  2.775e+003  4.436e+002  1.273e+002 -8.658e+001
  2.200e+001  2.800e+003  4.261e+002  1.273e+002 -8.854e+001
  2.220e+001  2.826e+003  4.082e+002  1.273e+002 -9.050e+001
  2.240e+001  2.851e+003  3.899e+002  1.273e+002 -9.246e+001
  2.260e+001  2.877e+003  3.712e+002  1.273e+002 -9.443e+001
  2.280e+001  2.902e+003  3.522e+002  1.273e+002 -9.639e+001
  2.300e+001  2.927e+003  3.327e+002  1.273e+002 -9.835e+001
  2.320e+001  2.953e+003  3.128e+002  1.273e+002 -1.003e+002
  2.340e+001  2.978e+003  2.926e+002  1.273e+002 -1.023e+002
  2.360e+001  3.004e+003  2.719e+002  1.273e+002 -1.042e+002
  2.380e+001  3.029e+003  2.509e+002  1.273e+002 -1.062e+002
  2.400e+001  3.055e+003  2.294e+002  1.273e+002 -1.082e+002
  2.420e+001  3.080e+003  2.076e+002  1.273e+002 -1.101e+002
  2.440e+001  3.106e+003  1.854e+002  1.273e+002 -1.121e+002
  2.460e+001  3.131e+003  1.628e+002  1.273e+002 -1.140e+002
  2.480e+001  3.157e+003  1.398e+002  1.273e+002 -1.160e+002
  2.500e+001  3.182e+003  1.164e+002  1.273e+002 -1.180e+002
  2.520e+001  3.207e+003  9.257e+001  1.273e+002 -1.199e+002
  2.540e+001  3.233e+003  6.838e+001  1.273e+002 -1.219e+002
  2.560e+001  3.258e+003  4.381e+001  1.273e+002 -1.239e+002
  2.580e+001  3.284e+003  1.884e+001  1.273e+002 -1.258e+002
  2.600e+001  3.309e+003 -6.520e+000  1.273e+002 -1.278e+002
